dc line data  [12]                                            ck   ------------long_id_------------     st ar zone    resist   react    capac   rate1  rate2  rate3  rate4  len  aloss    date_in date_out PID N  rate5  rate6  rate7  rate8
     51 "dc     51   " 100.00      52 "dc     52   " 100.00  "dc"  " " :  1  54  553  7.365000  0.000000  0.000000  200.0    0.0    0.0    0.0    0.0    1.0   400101   391231   0 1    0.0    0.0    0.0    0.0 /
  76 1.000   0 0.000   0 0.000   0 0.000   0 0.000   0 0.000   0 0.000   0 0.000 0   0.000000  0.000000  " " " " 
     53 "dc     53   " 100.00      54 "dc     54   " 100.00  "dc"  " " :  0  54  567  7.365000  0.000000  0.000000  100.0    0.0    0.0    0.0    0.0    1.0   400101   391231   0 0    0.0    0.0    0.0    0.0 /
  76 1.000   0 0.000   0 0.000   0 0.000   0 0.000   0 0.000   0 0.000   0 0.000 0   0.000000  0.000000  " " " " 
     55 "dc     55   " 100.00      56 "dc     56   " 100.00  "dc"  " " :  0  54  586  5.125000  0.000000  0.000000  300.0    0.0    0.0    0.0    0.0    1.0   400101   391231   0 0    0.0    0.0    0.0    0.0 /
  76 1.000   0 0.000   0 0.000   0 0.000   0 0.000   0 0.000   0 0.000   0 0.000 0   0.000000  0.000000  " " " " 
     57 "dc     57   " 100.00      58 "dc     58   " 100.00  "dc"  " " :  1  54  560  5.125000  0.000000  0.000000  200.0    0.0    0.0    0.0    0.0    1.0   400101   391231   0 1    0.0    0.0    0.0    0.0 /
  76 1.000   0 0.000   0 0.000   0 0.000   0 0.000   0 0.000   0 0.000   0 0.000 0   0.000000  0.000000  " " " " 
      1 "INTMTN1X    " 500.00       2 "ADELAN1X    " 500.00  "1 "  " " :  1  26  283  7.820000  0.693700  0.000000 1200.0 1200.0 1200.0 1200.0    0.0    1.0   400101   391231   0 0 1200.0 1200.0 1200.0 1200.0 /
 123 1.000   0 0.000   0 0.000   0 0.000   0 0.000   0 0.000   0 0.000   0 0.000 0   0.000000  0.000000  " " " " 
     21 "INTMTN2X    " 500.00      22 "ADELAN2X    " 500.00  "1 "  " " :  1  26  283  7.820000  0.693700  0.000000 1200.0 1200.0 1200.0 1200.0    0.0    1.0   400101   391231   0 0 1200.0 1200.0 1200.0 1200.0 /
 123 1.000   0 0.000   0 0.000   0 0.000   0 0.000   0 0.000   0 0.000   0 0.000 0   0.000000  0.000000  " " " " 
    101 "INTMTN1R    " 500.00       1 "INTMTN1X    " 500.00  "1 "  " " :  1  26  283  0.020000 500.000000  0.000000 1200.0 1200.0 1200.0 1200.0    0.0    1.0   400101   391231   0 0 1200.0 1200.0 1200.0 1200.0 /
 123 1.000   0 0.000   0 0.000   0 0.000   0 0.000   0 0.000   0 0.000   0 0.000 0   0.000000  0.000000  " " " " 
    121 "INTMTN2R    " 500.00      21 "INTMTN2X    " 500.00  "1 "  " " :  1  26  283  0.020000 500.000000  0.000000 1200.0 1200.0 1200.0 1200.0    0.0    1.0   400101   391231   0 0 1200.0 1200.0 1200.0 1200.0 /
 123 1.000   0 0.000   0 0.000   0 0.000   0 0.000   0 0.000   0 0.000   0 0.000 0   0.000000  0.000000  " " " " 
    102 "ADELAN1I    " 500.00       2 "ADELAN1X    " 500.00  "1 "  " " :  1  26  283  0.020000 500.000000  0.000000 1200.0 1200.0 1200.0 1200.0    0.0    1.0   400101   391231   0 0 1200.0 1200.0 1200.0 1200.0 /
 123 1.000   0 0.000   0 0.000   0 0.000   0 0.000   0 0.000   0 0.000   0 0.000 0   0.000000  0.000000  " " " " 
    122 "ADELAN2I    " 500.00      22 "ADELAN2X    " 500.00  "1 "  " " :  1  26  283  0.020000 500.000000  0.000000 1200.0 1200.0 1200.0 1200.0    0.0    1.0   400101   391231   0 0 1200.0 1200.0 1200.0 1200.0 /
 123 1.000   0 0.000   0 0.000   0 0.000   0 0.000   0 0.000   0 0.000   0 0.000 0   0.000000  0.000000  " " " " 
      4 "CELILO2P    " 207.40       6 "SYLMAR2P    " 212.40  "1 "  " " :  1  40  404 20.000000 1300.000000  0.000000 3610.0 3100.0 3100.0 3100.0    0.0    0.0   400101   391231   0 0 3100.0 3100.0 3100.0 3100.0 /
  14 1.000   0 0.000   0 0.000   0 0.000   0 0.000   0 0.000   0 0.000   0 0.000 0   0.000000  0.000000  "5"    " " 
      3 "CELILO1P    " 207.40       5 "SYLMAR1P    " 212.40  "1 "  " " :  1  40  404 20.000000 1300.000000  0.000000 3610.0 3100.0 3100.0 3100.0    0.0    0.0   400101   391231   0 0 3100.0 3100.0 3100.0 3100.0 /
  14 1.000   0 0.000   0 0.000   0 0.000   0 0.000   0 0.000   0 0.000   0 0.000 0   0.000000  0.000000  "6"    " " 