interface data  [  66]                      pnet     qnet   -rate1- -rate2- -rate3- -rate4- -rate5- -rate6- -rate7- -rate8- 
    1 "ALBERTA - BRITISH COLUMBIA      "  -429.352  -11.831  1000.0 -1200.0     0.0     0.0     0.0     0.0     0.0     0.0 0      0.00      0.00      0.00      0.00      0.00      0.00      0.00      0.00   0.00000  " " 
    2 "ALBERTA - SASKATCHEWAN          "     0.100   -0.000   150.0  -150.0     0.0     0.0     0.0     0.0     0.0     0.0 0      0.00      0.00      0.00      0.00      0.00      0.00      0.00      0.00   0.00000  " " 
    3 "NORTHWEST - CANADA              "  -2302.032  380.681  3000.0 -3150.0     0.0     0.0     0.0     0.0     0.0     0.0 0      0.00      0.00      0.00      0.00      0.00      0.00      0.00      0.00   0.00000  " " 
    4 "WEST OF CASCADES - NORTH        "  3452.372 -760.932 10200.0 -10200.0     0.0     0.0     0.0     0.0     0.0     0.0 0      0.00      0.00      0.00      0.00      0.00      0.00      0.00      0.00   0.00000  " " 
    5 "WEST OF CASCADES - SOUTH        "  4515.371 -554.814  5780.0 -5780.0     0.0     0.0     0.0     0.0     0.0     0.0 0      0.00      0.00      0.00      0.00      0.00      0.00      0.00      0.00   0.00000  " " 
    6 "WEST OF HATWAI                  "   434.196 -266.142  4277.0     0.0     0.0     0.0     0.0     0.0     0.0     0.0 0      0.00      0.00      0.00      0.00      0.00      0.00      0.00      0.00   0.00000  " " 
    8 "MONTANA - NORTHWEST             "   321.339    1.376  2200.0 -1350.0     0.0     0.0     0.0     0.0     0.0     0.0 0      0.00      0.00      0.00      0.00      0.00      0.00      0.00      0.00   0.00000  " " 
   14 "IDAHO - NORTHWEST               "  -543.356   80.647  2400.0 -1340.0     0.0     0.0     0.0     0.0     0.0     0.0 0      0.00      0.00      0.00      0.00      0.00      0.00      0.00      0.00   0.00000  " " 
   15 "MIDWAY - LOS BANOS              "   360.657  -33.901  4800.0 -2000.0     0.0     0.0     0.0     0.0     0.0     0.0 0      0.00      0.00      0.00      0.00      0.00      0.00      0.00      0.00   0.00000  " " 
   16 "IDAHO - SIERRA                  "   304.926  -14.637   500.0  -360.0     0.0     0.0     0.0     0.0     0.0     0.0 0      0.00      0.00      0.00      0.00      0.00      0.00      0.00      0.00   0.00000  " " 
   17 "BORAH WEST                      "   708.452 -125.346  2557.0 -1600.0     0.0     0.0     0.0     0.0     0.0     0.0 0      0.00      0.00      0.00      0.00      0.00      0.00      0.00      0.00   0.00000  " " 
   18 "MONTANA - IDAHO                 "   270.709  -64.209   383.0  -256.0     0.0     0.0     0.0     0.0     0.0     0.0 0      0.00      0.00      0.00      0.00      0.00      0.00      0.00      0.00   0.00000  " " 
   19 "BRIDGER WEST                    "  2157.778  385.945  2400.0 -1250.0     0.0     0.0     0.0     0.0     0.0     0.0 0      0.00      0.00      0.00      0.00      0.00      0.00      0.00      0.00   0.00000  " " 
   20 "PATH C                          "   717.682 -206.971  1600.0 -1250.0     0.0     0.0     0.0     0.0     0.0     0.0 0      0.00      0.00      0.00      0.00      0.00      0.00      0.00      0.00   0.00000  " " 
   24 "PG&E - SPP                      "    14.436   -3.540   160.0  -150.0     0.0     0.0     0.0     0.0     0.0     0.0 0      0.00      0.00      0.00      0.00      0.00      0.00      0.00      0.00   0.00000  " " 
   25 "PACIFICORP/PG&E 115 KV INTERCON."    79.325  -17.398   100.0   -45.0     0.0     0.0     0.0     0.0     0.0     0.0 0      0.00      0.00      0.00      0.00      0.00      0.00      0.00      0.00   0.00000  " " 
   26 "NORTHERN - SOUTHERN CALIFORNIA  "  3038.097 -412.769  4000.0 -3000.0     0.0     0.0     0.0     0.0     0.0     0.0 0      0.00      0.00      0.00      0.00      0.00      0.00      0.00      0.00   0.00000  " " 
   27 "IPP DC LINE                     "  1628.768  813.966  2400.0 -1400.0     0.0     0.0     0.0     0.0     0.0     0.0 0      0.00      0.00      0.00      0.00      0.00      0.00      0.00      0.00   0.00000  " " 
   28 "INTERMOUNTAIN - MONA 345 KV     "    98.647   -0.523  1400.0 -1200.0     0.0     0.0     0.0     0.0     0.0     0.0 0      0.00      0.00      0.00      0.00      0.00      0.00      0.00      0.00   0.00000  " " 
   29 "INTERMOUNTAIN - GONDER 230 KV   "   143.471  -23.450   241.0     0.0     0.0     0.0     0.0     0.0     0.0     0.0 0      0.00      0.00      0.00      0.00      0.00      0.00      0.00      0.00   0.00000  " " 
   30 "TOT 1A                          "   246.963  -65.108   650.0     0.0     0.0     0.0     0.0     0.0     0.0     0.0 0      0.00      0.00      0.00      0.00      0.00      0.00      0.00      0.00   0.00000  " " 
   31 "TOT 2A                          "   110.628   50.537   690.0     0.0     0.0     0.0     0.0     0.0     0.0     0.0 0      0.00      0.00      0.00      0.00      0.00      0.00      0.00      0.00   0.00000  " " 
   32 "PAVANT, INTRMTN - GONDER 230 KV "   272.524  -29.971   440.0  -235.0     0.0     0.0     0.0     0.0     0.0     0.0 0      0.00      0.00      0.00      0.00      0.00      0.00      0.00      0.00   0.00000  " " 
   33 "BONANZA WEST                    "  -469.012   99.688   785.0     0.0     0.0     0.0     0.0     0.0     0.0     0.0 0      0.00      0.00      0.00      0.00      0.00      0.00      0.00      0.00   0.00000  " " 
   35 "TOT 2C                          "   364.817   22.060   600.0  -580.0     0.0     0.0     0.0     0.0     0.0     0.0 0      0.00      0.00      0.00      0.00      0.00      0.00      0.00      0.00   0.00000  " " 
   36 "TOT 3                           "   984.594    7.822  1680.0     0.0     0.0     0.0     0.0     0.0     0.0     0.0 0      0.00      0.00      0.00      0.00      0.00      0.00      0.00      0.00   0.00000  " " 
   38 "TOT 4B                          "   -35.310   15.423   880.0     0.0     0.0     0.0     0.0     0.0     0.0     0.0 0      0.00      0.00      0.00      0.00      0.00      0.00      0.00      0.00   0.00000  " " 
   39 "TOT 5                           "   565.226  -29.129  1680.0     0.0     0.0     0.0     0.0     0.0     0.0     0.0 0      0.00      0.00      0.00      0.00      0.00      0.00      0.00      0.00   0.00000  " " 
   40 "TOT 7                           "   400.468    9.826   890.0     0.0     0.0     0.0     0.0     0.0     0.0     0.0 0      0.00      0.00      0.00      0.00      0.00      0.00      0.00      0.00   0.00000  " " 
   41 "SYLMAR - SCE                    "    37.990 -122.202  1600.0 -1600.0     0.0     0.0     0.0     0.0     0.0     0.0 0      0.00      0.00      0.00      0.00      0.00      0.00      0.00      0.00   0.00000  " " 
   42 "IID - SCE                       "   508.219    6.441   750.0     0.0     0.0     0.0     0.0     0.0     0.0     0.0 0      0.00      0.00      0.00      0.00      0.00      0.00      0.00      0.00   0.00000  " " 
   43 "NORTH OF SAN ONOFRE (Retired)   "   289.532  150.636     0.0     0.0     0.0     0.0     0.0     0.0     0.0     0.0 0      0.00      0.00      0.00      0.00      0.00      0.00      0.00      0.00   0.00000  " " 
   44 "SOUTH OF SAN ONOFRE (Retired)   "  -298.633 -139.362  2200.0     0.0     0.0     0.0     0.0     0.0     0.0     0.0 0      0.00      0.00      0.00      0.00      0.00      0.00      0.00      0.00   0.00000  " " 
   45 "SDG&E - CFE                     "  -349.895   46.631   408.0  -800.0     0.0     0.0     0.0     0.0     0.0     0.0 0      0.00      0.00      0.00      0.00      0.00      0.00      0.00      0.00   0.00000  " " 
   46 "WEST OF COLORADO RIVER (WOR)    "  6207.737 -915.016 11200.0 -11200.0     0.0     0.0     0.0     0.0     0.0     0.0 0      0.00      0.00      0.00      0.00      0.00      0.00      0.00      0.00   0.00000  " " 
   47 "SOUTHERN NEW MEXICO (NM1)       "    37.390  -76.328  1048.0 -1048.0     0.0     0.0     0.0     0.0     0.0     0.0 0      0.00      0.00      0.00      0.00      0.00      0.00      0.00      0.00   0.00000  " " 
   48 "NORTHERN NEW MEXICO (NM2)       "  1393.357   -7.225  2150.0 -2150.0     0.0     0.0     0.0     0.0     0.0     0.0 0      0.00      0.00      0.00      0.00      0.00      0.00      0.00      0.00   0.00000  " " 
   49 "EAST OF COLORADO RIVER (EOR)    "  1710.458  -33.584 10100.0     0.0     0.0     0.0     0.0     0.0     0.0     0.0 0      0.00      0.00      0.00      0.00      0.00      0.00      0.00      0.00   0.00000  " " 
   52 "SILVER PEAK - CONTROL 55 KV     "     3.489   -1.944    17.0   -17.0     0.0     0.0     0.0     0.0     0.0     0.0 0      0.00      0.00      0.00      0.00      0.00      0.00      0.00      0.00   0.00000  " " 
   54 "CORONADO - SILVER KING - KYRENE "   711.731   -8.017  1494.0     0.0     0.0     0.0     0.0     0.0     0.0     0.0 0      0.00      0.00      0.00      0.00      0.00      0.00      0.00      0.00   0.00000  " " 
   55 "BROWNLEE EAST                   "  1143.242 -145.558  1915.0     0.0     0.0     0.0     0.0     0.0     0.0     0.0 0      0.00      0.00      0.00      0.00      0.00      0.00      0.00      0.00   0.00000  " " 
   58 "ELDORADO - MEAD 230 KV LINES    "    -9.579  -16.806  1140.0 -1140.0     0.0     0.0     0.0     0.0     0.0     0.0 0      0.00      0.00      0.00      0.00      0.00      0.00      0.00      0.00   0.00000  " " 
   59 "WALC BLYTHE - SCE BLYTHE 161 KV "    40.457   17.909   218.0     0.0     0.0     0.0     0.0     0.0     0.0     0.0 0      0.00      0.00      0.00      0.00      0.00      0.00      0.00      0.00   0.00000  " " 
   60 "INYO - CONTROL 115 KV TIE       "     1.074   19.012    56.0   -56.0     0.0     0.0     0.0     0.0     0.0     0.0 0      0.00      0.00      0.00      0.00      0.00      0.00      0.00      0.00   0.00000  " " 
   61 "LUGO - VICTORVILLE 500 KV LINE  "  1035.702  248.317  2400.0  -900.0     0.0     0.0     0.0     0.0     0.0     0.0 0      0.00      0.00      0.00      0.00      0.00      0.00      0.00      0.00   0.00000  " " 
   62 "ELDORADO - MCCULLOUGH 500 KV    "   426.538 -373.543  2598.0 -2598.0     0.0     0.0     0.0     0.0     0.0     0.0 0      0.00      0.00      0.00      0.00      0.00      0.00      0.00      0.00   0.00000  " " 
   65 "PACIFIC DC INTERTIE (PDCI)      "  2711.815  398.728  3220.0 -3100.0     0.0     0.0     0.0     0.0     0.0     0.0 0      0.00      0.00      0.00      0.00      0.00      0.00      0.00      0.00   0.00000  " " 
   71 "SOUTH OF ALLSTON                "  2714.066 -169.194  2725.0 -1170.0     0.0     0.0     0.0     0.0     0.0     0.0 0      0.00      0.00      0.00      0.00      0.00      0.00      0.00      0.00   0.00000  " " 
   73 "NORTH OF JOHN DAY               "  6599.591 -257.713  7700.0 -7700.0     0.0     0.0     0.0     0.0     0.0     0.0 0      0.00      0.00      0.00      0.00      0.00      0.00      0.00      0.00   0.00000  " " 
   75 "HEMINGWAY - SUMMER LAKE         "  -210.193   -1.925  1500.0  -550.0     0.0     0.0     0.0     0.0     0.0     0.0 0      0.00      0.00      0.00      0.00      0.00      0.00      0.00      0.00   0.00000  " " 
   76 "ALTURAS PROJECT                 "   -54.850  -29.451   300.0  -300.0     0.0     0.0     0.0     0.0     0.0     0.0 0      0.00      0.00      0.00      0.00      0.00      0.00      0.00      0.00   0.00000  " " 
   77 "CRYSTAL - ALLEN                 "   275.739  102.833   950.0     0.0     0.0     0.0     0.0     0.0     0.0     0.0 0      0.00      0.00      0.00      0.00      0.00      0.00      0.00      0.00   0.00000  " " 
   78 "TOT 2B1                         "  -356.008   96.607   647.0  -700.0     0.0     0.0     0.0     0.0     0.0     0.0 0      0.00      0.00      0.00      0.00      0.00      0.00      0.00      0.00   0.00000  " " 
   79 "TOT 2B2                         "   108.996    4.162   265.0  -300.0     0.0     0.0     0.0     0.0     0.0     0.0 0      0.00      0.00      0.00      0.00      0.00      0.00      0.00      0.00   0.00000  " " 
   80 "MONTANA SOUTHEAST               "   140.291  -55.041   600.0  -600.0     0.0     0.0     0.0     0.0     0.0     0.0 0      0.00      0.00      0.00      0.00      0.00      0.00      0.00      0.00   0.00000  " " 
   81 "SNTI-S.NEVADA TRAN INTERFACE    "  -1296.574 -528.989  4533.0 -3790.0     0.0     0.0     0.0     0.0     0.0     0.0 0      0.00      0.00      0.00      0.00      0.00      0.00      0.00      0.00   0.00000  " " 
   82 "TOTBEAST                        "  1353.435 -143.633  2465.0     0.0     0.0     0.0     0.0     0.0     0.0     0.0 0      0.00      0.00      0.00      0.00      0.00      0.00      0.00      0.00   0.00000  " " 
   83 "MATL                            "   -57.207  -33.520   325.0  -300.0     0.0     0.0     0.0     0.0     0.0     0.0 0      0.00      0.00      0.00      0.00      0.00      0.00      0.00      0.00   0.00000  " " 
   84 "HARRY ALLEN - ELDORADO (HAE)    "  1216.389 -586.438  3496.0 -1390.0     0.0     0.0     0.0     0.0     0.0     0.0 0      0.00      0.00      0.00      0.00      0.00      0.00      0.00      0.00   0.00000  " " 
   85 "AEOLUS WEST PATH (POST GATEWAY) "   389.659  -71.101  2670.0 -1800.0     0.0     0.0     0.0     0.0     0.0     0.0 0      0.00      0.00      0.00      0.00      0.00      0.00      0.00      0.00   0.00000  " " 
   86 "WEST OF JOHN DAY                "  2570.886  210.689  4760.0     0.0     0.0     0.0     0.0     0.0     0.0     0.0 0      0.00      0.00      0.00      0.00      0.00      0.00      0.00      0.00   0.00000  " " 
   87 "WEST OF MCNARY                  "  2296.135 -195.808  4925.0     0.0     0.0     0.0     0.0     0.0     0.0     0.0 0      0.00      0.00      0.00      0.00      0.00      0.00      0.00      0.00   0.00000  " " 
   88 "WEST OF SLATT                   "  3273.416  -87.172  4760.0     0.0     0.0     0.0     0.0     0.0     0.0     0.0 0      0.00      0.00      0.00      0.00      0.00      0.00      0.00      0.00   0.00000  " " 
   89 "SNTI+ -S.NEVADA TRAN INTERFACE+H"   -80.185 -1115.428  6257.0 -4681.0     0.0     0.0     0.0     0.0     0.0     0.0 0      0.00      0.00      0.00      0.00      0.00      0.00      0.00      0.00   0.00000  " " 
  500 "Southern CA Imports (Retired)   "  14125.041 -2194.891     0.0     0.0     0.0     0.0     0.0     0.0     0.0     0.0 0      0.00      0.00      0.00      0.00      0.00      0.00      0.00      0.00   0.00000  " " 
   66 "COI                             "  3782.506 -291.432  4800.0 -3675.0     0.0     0.0     0.0     0.0     0.0     0.0 0      0.00      0.00      0.00      0.00      0.00      0.00      0.00      0.00   0.00000  " " 
