dc converter data  [16]                                        id   ------------long_id_------------    st ty md nb fg  --no---                   reg   ar zone  date_in date_out
  55615 "HTHFIELD2   " 500.00      51 "dc     51   " 100.00   "r "  " "   :  1  1  2  2  1       0 "            "   0.00    54  553   400101   391231  /
 199.414246 501.468689 100.003677 27.825533 100.000000   0.000000 500.000000  20.000000  7.365000   0.0000   0.0000 500.0000 207.9000 /
 13.784480 12.700000 17.299999  0.000000  0.000000  0.000000   0.0000 10.660000  0.000176  0.008528 /
  100.000  1.000000  1.000000  1.162500  1.000000  0.975000  1.200000  0.012500 1.050000 0.950000    1.0  200.0   0.00   0 1 /
  76 1.000   0 0.000   0 0.000   0 0.000   0 0.000   0 0.000   0 0.000   0 0.000 0  76   0.000000  " " " " 
  55618 "NEWELL1     " 240.00      52 "dc     52   " 100.00   "i "  " "   :  1  2  3  2  1       0 "            "   0.00    54  567   400101   391231  /
 199.414673 500.000000 -99.691376 36.321526  0.000000   0.000000 500.000000  20.000000  7.365000   0.0000   0.0000 240.0000 207.8880 /
  0.000000  0.000000  0.000000 18.696840 18.000000 20.500000   0.0000 10.660000  0.000764  0.037014 /
  100.000  1.000000  1.000000  1.141900  1.000000  0.896800  1.206400  0.012900 1.050000 0.950000    0.0  200.0   0.00   0 1 /
  76 1.000   0 0.000   0 0.000   0 0.000   0 0.000   0 0.000   0 0.000   0 0.000 0  76   0.000000  " " " " 
  55618 "NEWELL1     " 240.00      53 "dc     53   " 100.00   "r1"  " "   :  0  1  1  2  1       0 "            "   0.00    54  567   400101   391231  /
   0.000000 500.000000  0.000000  0.000000  0.000000 100.000000 500.000000  10.000000  7.365000   0.0000   0.0000 240.0000 207.8880 /
  0.000000 12.700000 17.299999  0.000000  0.000000  0.000000   0.0000 10.660000  0.000764  0.037014 /
  100.000  1.000000  1.000000  1.000000  1.000000  0.896800  1.206400  0.012900 1.050000 0.950000    1.0  100.0   0.00   0 0 /
  76 1.000   0 0.000   0 0.000   0 0.000   0 0.000   0 0.000   0 0.000   0 0.000 0  76   0.000000  " " " " 
  55615 "HTHFIELD2   " 500.00      54 "dc     54   " 100.00   "i1"  " "   :  0  2  3  2  1       0 "            "   0.00    54  553   400101   391231  /
   0.000000 500.000000  0.000000  0.000000  0.000000   0.000000 500.000000  10.000000  7.365000   0.0000   0.0000 500.0000 207.9000 /
  0.000000  0.000000  0.000000  0.000000 18.000000 20.500000   0.0000 10.660000  0.000176  0.008528 /
  100.000  1.000000  1.000000  1.000000  1.000000  0.975000  1.200000  0.012500 1.050000 0.950000    0.0  100.0   0.00   0 0 /
  76 1.000   0 0.000   0 0.000   0 0.000   0 0.000   0 0.000   0 0.000   0 0.000 0  76   0.000000  " " " " 
  54485 "CROSS1      " 240.00      55 "dc     55   " 100.00   "r "  " "   :  0  1  1  2  1       0 "            "   0.00    54  586   400101   391231  /
   0.000000 500.000000  0.000000  0.000000  0.000000 300.000000 500.000000  30.000000  5.125000   0.0000   0.0000 240.0000 207.8880 /
  0.000000 18.000000 20.500000  0.000000  0.000000  0.000000   0.0000 10.660000  0.000764  0.037014 /
  100.000  1.000000  1.000000  1.009300  1.000000  0.896800  1.206400  0.012900 1.050000 0.950000    1.0  300.0   0.00   0 0 /
  76 1.000   0 0.000   0 0.000   0 0.000   0 0.000   0 0.000   0 0.000   0 0.000 0  76   0.000000  " " " " 
  54623 "SUNNYB2     " 500.00      56 "dc     56   " 100.00   "i "  " "   :  0  2  3  2  1       0 "            "   0.00    54  560   400101   391231  /
   0.000000 500.000000  0.000000  0.000000  0.000000   0.000000 500.000000  30.000000  5.125000   0.0000   0.0000 500.0000 207.9000 /
  0.000000  0.000000  0.000000  0.000000 12.700000 17.299999   0.0000 10.660000  0.000176  0.008528 /
  100.000  1.000000  1.000000  0.987900  1.000000  0.975000  1.200000  0.012500 1.050000 0.950000    0.0  300.0   0.00   0 0 /
  76 1.000   0 0.000   0 0.000   0 0.000   0 0.000   0 0.000   0 0.000   0 0.000 0  76   0.000000  " " " " 
  54623 "SUNNYB2     " 500.00      57 "dc     57   " 100.00   "r1"  " "   :  1  1  2  2  1       0 "            "   0.00    54  560   400101   391231  /
 199.591675 501.022888 100.003685 27.488415 100.000000   0.000000 500.000000  20.000000  5.125000   0.0000   0.0000 500.0000 207.9000 /
 13.577247 12.700000 17.299999  0.000000  0.000000  0.000000   0.0000 10.660000  0.000176  0.008528 /
  100.000  1.000000  1.000000  1.162500  1.000000  0.975000  1.200000  0.012500 1.050000 0.950000    1.0  200.0   0.00   0 1 /
  76 1.000   0 0.000   0 0.000   0 0.000   0 0.000   0 0.000   0 0.000   0 0.000 0  76   0.000000  " " " " 
  54485 "CROSS1      " 240.00      58 "dc     58   " 100.00   "i1"  " "   :  1  2  3  2  1       0 "            "   0.00    54  586   400101   391231  /
 199.587936 500.000000 -99.777977 35.236881  0.000000   0.000000 500.000000  20.000000  5.125000   0.0000   0.0000 240.0000 207.8880 /
  0.000000  0.000000  0.000000 18.083050 18.000000 20.500000   0.0000 10.660000  0.000764  0.037014 /
  100.000  1.000000  1.000000  1.116100  1.000000  0.896800  1.206400  0.012900 1.050000 0.950000    0.0  200.0   0.00   0 1 /
  76 1.000   0 0.000   0 0.000   0 0.000   0 0.000   0 0.000   0 0.000   0 0.000 0  76   0.000000  " " " " 
  26097 "SYLMAR1     " 230.00       5 "SYLMAR1P    " 212.40   "1 "  " "   :  1  2  0  2  1       0 "            "   0.00    26  282   400101   391231  /
 2606.730713 467.865387 -1219.598999 690.306580  0.000000   0.000000 481.000000   0.000000  0.000000   0.0000   0.0000 230.0000 212.4000 /
  0.000000  5.000000 90.000000 18.014114 17.000000 24.000000   0.0000  8.716000  0.000000  0.000000 /
  100.000  0.956500  1.000000  1.100000  1.000000  0.950000  1.337500  0.012500 0.000000 0.000000    1.0 3610.0 500.00   0 0 /
  14 1.000   0 0.000   0 0.000   0 0.000   0 0.000   0 0.000   0 0.000   0 0.000 0  20   0.000000  " " " " 
  26099 "SYLMAR2     " 230.00       6 "SYLMAR2P    " 212.40   "1 "  " "   :  1  2  0  2  1       0 "            "   0.00    26  282   400101   391231  /
 2606.730713 467.865387 -1219.598999 696.208679  0.000000   0.000000 481.000000   0.000000  0.000000   0.0000   0.0000 230.0000 212.4000 /
  0.000000  5.000000 90.000000 18.376528 17.000000 24.000000   0.0000  8.716000  0.000000  0.000000 /
  100.000  1.000000  1.000000  1.087500  1.000000  0.950000  1.337500  0.012500 0.000000 0.000000    1.0 3610.0 500.00   0 0 /
  14 1.000   0 0.000   0 0.000   0 0.000   0 0.000   0 0.000   0 0.000   0 0.000 0  20   0.000000  " " " " 
  26114 "INTERMTX    " 345.00     101 "INTMTN1R    " 500.00   "1 "  " "   :  1  1  2  2  1       0 "            "   0.00    26  283   400101   391231  /
 1694.792847 479.321106 814.383789 406.986603 812.349976 2496.000000 481.600006 160.000000  0.000000   0.0000   0.0000 345.0000 206.0000 /
 15.000003 15.000000 90.000000  0.000000  0.000000 90.000000   0.6000 11.851000  0.000000  0.027900 /
  100.000  1.000000  1.000000  1.082604  1.001000  0.924900  1.150100  0.000000 0.000000 0.000000    0.0 1600.0 300.00   0 0 /
 123 1.000   0 0.000   0 0.000   0 0.000   0 0.000   0 0.000   0 0.000   0 0.000 0  20   0.000000  " " " " 
  26116 "INTERMTY    " 345.00     121 "INTMTN2R    " 500.00   "2 "  " "   :  1  1  2  2  1       0 "            "   0.00    26  283   400101   391231  /
 1694.792847 479.321106 814.383789 406.986603 812.349976 2496.000000 481.600006 160.000000  0.000000   0.0000   0.0000 345.0000 206.0000 /
 15.000003 15.000000 90.000000  0.000000  0.000000 90.000000   0.6000 11.851000  0.000000  0.027900 /
  100.000  1.000000  1.000000  1.082604  1.001000  0.924900  1.150100  0.000000 0.000000 0.000000    0.0 1600.0 300.00   0 0 /
 123 1.000   0 0.000   0 0.000   0 0.000   0 0.000   0 0.000   0 0.000   0 0.000 0  20   0.000000  " " " " 
  26011 "ADELANTX    " 500.00     102 "ADELAN1I    " 500.00   "1 "  " "   :  1  2  3  2  1       2 "ADELAN1X    " 500.00    26  283   400101   391231  /
 1695.251465 466.000000 -788.054565 410.926147  0.000000 2496.000000 466.000000 160.000000  0.000000   0.0000   0.0000 500.0000 202.4000 /
  0.000000  0.000000 143.889999 17.000006 17.000000 90.000000   0.5700 11.272000  0.000000  0.027500 /
  100.000  1.000000  1.000000  1.118405  1.002000  0.925000  1.200000  0.000000 0.000000 0.000000    0.0 1600.0 300.00   0 0 /
 123 1.000   0 0.000   0 0.000   0 0.000   0 0.000   0 0.000   0 0.000   0 0.000 0  20   0.000000  " " " " 
  26012 "ADELANTY    " 500.00     122 "ADELAN2I    " 500.00   "2 "  " "   :  1  2  3  2  1      22 "ADELAN2X    " 500.00    26  283   400101   391231  /
 1695.251465 466.000000 -788.054565 410.926147  0.000000 2496.000000 466.000000 160.000000  0.000000   0.0000   0.0000 500.0000 202.4000 /
  0.000000  0.000000 143.889999 17.000006 17.000000 90.000000   0.5700 11.272000  0.000000  0.027500 /
  100.000  1.000000  1.000000  1.118405  1.002000  0.925000  1.200000  0.000000 0.000000 0.000000    0.0 1600.0 300.00   0 0 /
 123 1.000   0 0.000   0 0.000   0 0.000   0 0.000   0 0.000   0 0.000   0 0.000 0  20   0.000000  " " " " 
  41312 "CELILO2     " 500.00       4 "CELILO2P    " 207.40   "1 "  " "   :  1  1  5  2  1       0 "            "   0.00    40  404   400101   391231  /
 2606.730713 520.000000 1355.500000 744.216064 1355.500000 2606.730713 520.000000   0.000000  0.000000   0.0000   0.0000 500.0000 207.4000 /
 18.116621 17.000000 24.000000  0.000000 90.000000 180.000000   0.0000  8.800000  0.000000  0.000000 /
  100.000  1.050000  1.000000  0.962500  1.000000  0.950000  1.337500  0.012500 0.000000 0.000000    0.4 3610.0 500.00   0 0 /
  14 1.000   0 0.000   0 0.000   0 0.000   0 0.000   0 0.000   0 0.000   0 0.000 0  14   0.000000  "5"    " " 
  41311 "CELILO1     " 500.00       3 "CELILO1P    " 207.40   "1 "  " "   :  1  1  5  2  1       0 "            "   0.00    40  404   400101   391231  /
 2606.730713 520.000000 1355.500000 744.216064 1355.500000 2606.730713 520.000000   0.000000  0.000000   0.0000   0.0000 500.0000 207.4000 /
 18.116621 17.000000 24.000000  0.000000 90.000000 180.000000   0.0000  8.800000  0.000000  0.000000 /
  100.000  1.050000  1.000000  0.962500  1.000000  0.950000  1.337500  0.012500 0.000000 0.000000    0.4 3610.0 500.00   0 0 /
  14 1.000   0 0.000   0 0.000   0 0.000   0 0.000   0 0.000   0 0.000   0 0.000 0  14   0.000000  "6"    " " 