z table data  [31]  -tap2 fact2 -tap3 fact3 -tap4 fact4 -tap5 fact5 -tap6 fact6 -tap7 fact7 -tap8 fact8 -tap9 fact9 tap10 fac10 tap11 fac11
     1  " " " "   0   0.875000  1.120000  1.000000  1.000000  1.025000  0.979000  1.175000  0.895000  1.000000  1.000000  1.000000  1.000000  1.000000  1.000000  1.000000  1.000000  1.000000  1.000000  1.000000  1.000000  1.000000  1.000000
     2  " " " "   0   0.900000  1.300000  1.000000  1.000000  1.100000  0.830000  1.000000  1.000000  1.000000  1.000000  1.000000  1.000000  1.000000  1.000000  1.000000  1.000000  1.000000  1.000000  1.000000  1.000000  1.000000  1.000000
     3  " " " "   0   0.875000  1.093000  0.950000  1.030000  1.000000  1.000000  1.100000  0.950000  1.175000  0.916000  1.000000  1.000000  1.000000  1.000000  1.000000  1.000000  1.000000  1.000000  1.000000  1.000000  1.000000  1.000000
     4  " " " "   1  -45.000000  1.743000 -36.000000  1.428000 -27.000000  1.267000 -18.000000  1.157000 -9.000000  1.074000  0.000000  1.000000  9.000000  1.138000 18.000000  1.305000 27.000000  1.498000 36.000000  1.719000 45.000000  1.972000
     5  " " " "   1  -45.000000  1.725000 -36.000000  1.418000 -27.000000  1.260000 -18.000000  1.153000 -9.000000  1.073000  0.000000  1.000000  9.000000  1.135000 18.000000  1.300000 27.000000  1.489000 36.000000  1.705000 45.000000  1.952000
     6  " " " "   1  -45.000000  2.073000  0.000000  1.000000 45.000000  2.073000  1.000000  1.000000  1.000000  1.000000  1.000000  1.000000  1.000000  1.000000  1.000000  1.000000  1.000000  1.000000  1.000000  1.000000  1.000000  1.000000
     7  " " " "   1  -58.299999  1.542000 -46.639999  1.317000 -34.980000  1.211000 -23.320000  1.163000 -11.600000  1.113000  0.000000  1.000000 11.660000  1.020000 23.320000  1.088000 34.980000  1.200000 46.639999  1.352000 58.299999  1.539000
     8  " " " "   1  -60.000000  1.571800 -50.299999  1.479400 -36.000000  1.343100 -24.400000  1.232500 -12.400000  1.118200  0.000000  1.000000 12.400000  1.118200 24.400000  1.232500 36.000000  1.343100 50.299999  1.479400 60.000000  1.571800
     9  " " " "   1  -40.000000  1.400000 -30.000000  1.300000 -20.000000  1.200000 -10.000000  1.100000  0.000000  1.000000 10.000000  1.100000 20.000000  1.200000 30.000000  1.300000 40.000000  1.400000  1.000000  1.000000  1.000000  1.000000
    10  " " " "   1  -36.000000  1.640000 -27.000000  1.360000 -18.000000  1.160000 -9.000000  1.040000  0.000000  1.000000  9.000000  1.040000 18.000000  1.160000 27.000000  1.360000 36.000000  1.640000  1.000000  1.000000  1.000000  1.000000
    11  " " " "   1  -34.000000  1.957000 -25.800001  1.527000 -17.400000  1.222000 -8.700000  1.060000  0.000000  1.000000  8.700000  1.087000 17.400000  1.330000 25.800001  1.607000 34.000000  1.960000  0.000000  0.000000  0.000000  0.000000
    12  " " " "   1  -30.000000  1.280000 -22.900000  1.170000 -18.900000  1.110000 -8.400000  1.040000 -4.200000  1.009000  0.000000  1.000000  6.300000  1.026000 10.500000  1.060000 18.900000  1.110000 22.900000  1.170000 30.000000  1.280000
    13  " " " "   1  -40.000000  1.610000 -35.000000  1.534000 -30.000000  1.458000 -20.000000  1.305000 -10.000000  1.153000  0.000000  1.000000 10.000000  1.153000 20.000000  1.305000 30.000000  1.458000 35.000000  1.534000 40.000000  1.610000
    14  " " " "   1  -25.150000  1.484910 -20.540001  1.394380 -15.870000  1.302810 -9.560000  1.182100 -4.790000  1.090530  0.000000  1.000000  4.790000  1.091570  9.560000  1.183140 15.870000  1.304890 20.540001  1.395420 25.150000  1.486990
    20  " " " "   1  -45.000000  1.786000 -36.000000  1.503000 -27.000000  1.293000 -18.000000  1.126000 -9.000000  1.032000  0.000000  1.000000  9.000000  1.032000 18.000000  1.126000 27.000000  1.293000 36.000000  1.503000 45.000000  1.786000
    21  " " " "   1  -74.500000  1.970000 -59.400002  1.610000 -41.599998  1.460000 -21.500000  1.140000  0.000000  1.000000 21.500000  1.140000 41.599998  1.460000 59.400002  1.610000 74.500000  1.970000  0.000000  0.000000  0.000000  0.000000
    22  " " " "   1  -75.400002  1.870000 -59.299999  1.540000 -41.500000  1.430000 -21.500000  1.120000  0.000000  1.000000 21.500000  1.120000 41.500000  1.430000 59.299999  1.540000 75.400002  1.870000  0.000000  0.000000  0.000000  0.000000
    23  " " " "   1  -74.540001  2.090000 -59.430000  1.690000 -41.660000  1.520000 -21.540001  1.160000  0.000000  1.000000 21.540001  1.150000 41.660000  1.520000 59.430000  1.690000 74.540001  2.080000  0.000000  0.000000  0.000000  0.000000
    25  " " " "   1  -46.200001  3.212700  0.000000  1.000000 46.200001  3.383900  0.000000  0.000000  0.000000  0.000000  0.000000  0.000000  0.000000  0.000000  0.000000  0.000000  0.000000  0.000000  0.000000  0.000000  0.000000  0.000000
    29  " " " "   1  -40.000000  2.000000 -35.000000  1.733000 -25.000000  1.358000 -12.500000  1.054000 -7.500000  1.024000  0.000000  1.000000  7.500000  1.024000 12.500000  1.054000 25.000000  1.358000 35.000000  1.733000 40.000000  2.000000
    31  " " " "   1  -24.100000  1.270000 -18.100000  1.166000 -12.200000  1.082000 -6.000000  1.061000  0.000000  1.000000  6.000000  1.061000 12.200000  1.082000 18.100000  1.166000 24.100000  1.270000  1.000000  1.000000  1.000000  1.000000
    32  " " " "   1  -10.000000 20.000000 -5.000000  6.000000  0.000000  1.000000  5.000000  6.000000 10.000000 20.000000  0.000000  0.000000  0.000000  0.000000  0.000000  0.000000  0.000000  0.000000  0.000000  0.000000  0.000000  0.000000
    44  " " " "   1  -31.000000  1.383300 -19.799999  1.194400 -10.000000  1.072000  0.000000  1.000000 10.000000  1.038900 21.799999  1.005600 33.099998  1.000000 45.500000  1.077800 56.900002  1.238900 68.599998  1.366700 80.000000  1.533300
    54  " " " "   1  -79.199997  1.326000 -68.599998  1.251700 -54.200001  1.174000 -37.599998  1.116200 -19.299999  1.042300  0.000000  1.000000 19.299999  1.054800 37.599998  1.117500 54.200001  1.177800 68.599998  1.250600 79.199997  1.360200
    61  " " " "   1  -30.129999  1.552790 -22.830000  1.329190 -15.330000  1.157760 -7.700000  1.043480  0.000000  1.000000  7.700000  1.043480 15.330000  1.157760 22.830000  1.329190 30.129999  1.552790  0.000000  0.000000  0.000000  0.000000
    62  " " " "   1  -60.000000  1.415200 -53.000000  1.239770 -45.000000  1.097470 -36.000000  1.021440 -27.000000  1.000000 -18.000000  1.054580 -9.000000  1.194930  1.000000  1.411310 10.000000  1.619880  0.000000  0.000000  0.000000  0.000000
    63  " " " "   1  -60.000000  1.367680 -53.000000  1.276350 -45.000000  1.156910 -36.000000  1.067920 -27.000000  1.000000 -18.000000  0.981260 -8.000000  1.000000  1.000000  1.065570 10.000000  1.124120  0.000000  0.000000  0.000000  0.000000
    64  " " " "   1  -74.820000  1.676530 -59.680000  1.338270 -41.849998  1.045450 -21.650000  0.918600  0.000000  1.000000 21.650000  0.918600 41.849998  1.045450 59.680000  1.338270 74.820000  1.676530  0.000000  0.000000  0.000000  0.000000
    66  " " " "   1  -30.000000  1.479000 -22.740000  1.280000 -15.270000  1.132000 -7.670000  1.035000  0.000000  1.000000  7.670000  1.037000 15.270000  1.136000 22.790001  1.284000 30.000000  1.481000  0.000000  0.000000  0.000000  0.000000
    73  " " " "   1  -60.020000  1.282900 -46.840000  1.189300 -32.209999  1.102900 -16.430000  1.032900  0.000000  1.000000 16.430000  1.032900 32.209999  1.102900 46.840000  1.189300 60.020000  1.282900  0.000000  0.000000  0.000000  0.000000
    94  " " " "   1  -22.000000  1.920000 -15.000000  1.410000 -11.000000  1.176000 -10.900000  1.347000 -10.000000  1.304000 -5.000000  1.112000  1.000000  1.020000  0.000000  0.000000  0.000000  0.000000  0.000000  0.000000  0.000000  0.000000
